-12.0 0.0 1.0413910744676597e-17 1.7651558220431586e-59
-12.0 0.15873015873015872 1.028354301953068e-17 1.6890195813458888e-59
-12.0 0.31746031746031744 9.902150516283009e-18 1.479771469226565e-59
-12.0 0.47619047619047616 9.297669703000505e-18 1.1870748952241344e-59
-12.0 0.6349206349206349 8.51288057002745e-18 8.719877316100234e-60
-12.0 0.7936507936507936 7.600406197226717e-18 5.86579350272243e-60
-12.0 0.9523809523809523 6.6169050450101065e-18 3.6138715617133546e-60
-12.0 1.1111111111111112 5.617341635381134e-18 2.0394056607068342e-60
-12.0 1.2698412698412698 4.650124803506164e-18 1.0543501569772296e-60
-12.0 1.4285714285714284 3.7536710985737574e-18 4.994496725889565e-61
-12.0 1.5873015873015872 2.9546473967981295e-18 2.1682498979770836e-61
-12.0 1.746031746031746 2.2678427628742858e-18 8.628445356895927e-62
-12.0 1.9047619047619047 1.6973759964373446e-18 3.1482263518801176e-62
-12.0 2.0634920634920633 1.2387994633947663e-18 1.0534736493843048e-62
-12.0 2.2222222222222223 8.816207373388704e-19 3.233920797613316e-63
-12.0 2.380952380952381 6.118154243348622e-19 9.109951971367688e-64
-12.0 2.5396825396825395 4.1401576872048967e-19 2.3557332074165863e-64
-12.0 2.698412698412698 2.731940142008163e-19 5.593850861785413e-65
-12.0 2.8571428571428568 1.757856069059802e-19 1.2201996685244062e-65
-12.0 3.015873015873016 1.1029435419479506e-19 2.445994783055116e-66
-12.0 3.1746031746031744 6.748093441572297e-20 4.5077815843213767e-67
-12.0 3.333333333333333 4.025934727851745e-20 7.640813969875564e-68
-12.0 3.492063492063492 2.342125741865974e-20 1.1917384732195718e-68
-12.0 3.6507936507936507 1.3286528439905248e-20 1.7111587377031334e-69
-12.0 3.8095238095238093 7.349717927787622e-21 2.262972061339714e-70
-12.0 3.968253968253968 3.9644930263276124e-21 2.7578277130331233e-71
-12.0 4.1269841269841265 2.0852708914985644e-21 3.098713164894769e-72
-12.0 4.285714285714286 1.06953534119847e-21 3.211861249685515e-73
-12.0 4.444444444444445 5.349160571630561e-22 3.072809049017854e-74
-12.0 4.603174603174603 2.608759033881867e-22 2.7149836895022284e-75
-12.0 4.761904761904762 1.24062387147339e-22 2.2167065371579193e-76
-12.0 4.92063492063492 5.75312932890508e-23 1.673484880303731e-77
-12.0 5.079365079365079 2.6015128579042416e-23 1.1689014625999022e-78
-12.0 5.238095238095238 1.1471115501919559e-23 7.558799850711706e-80
-12.0 5.396825396825396 4.932228232353613e-24 4.528236964294167e-81
-12.0 5.555555555555555 2.0679427583140423e-24 2.514752902724129e-82
-12.0 5.7142857142857135 8.454573374522056e-25 1.2955246009640003e-83
-12.0 5.873015873015873 3.370565089357018e-25 6.195552701209949e-85
-12.0 6.031746031746032 1.310302516547235e-25 2.7523503764884217e-86
-12.0 6.19047619047619 4.9670469850604737e-26 1.1366506951148022e-87
-12.0 6.349206349206349 1.8360427854524118e-26 4.366819623400686e-89
-12.0 6.507936507936508 6.617975617873038e-27 1.5618467121474606e-90
-12.0 6.666666666666666 2.3260838413123736e-27 5.204403573680016e-92
-12.0 6.825396825396825 7.97229576286143e-28 1.6169317142614751e-93
-12.0 6.984126984126984 2.664399086582718e-28 4.687414368124167e-95
-12.0 7.142857142857142 8.68306368328468e-29 1.2689152090567833e-96
-12.0 7.301587301587301 2.759335653725154e-29 3.210182306671986e-98
-12.0 7.46031746031746 8.55054732541812e-30 7.595708309985904e-100
-12.0 7.619047619047619 2.583694339534597e-30 1.682267999512174e-101
-12.0 7.777777777777778 7.612830995943812e-31 3.4902796038494905e-103
-12.0 7.936507936507936 2.1873036600041416e-31 6.78915857962799e-105
-12.0 8.095238095238095 6.12815592391952e-32 1.239131799054133e-106
-12.0 8.253968253968253 1.674203981107995e-32 2.1238425970549874e-108
-12.0 8.412698412698413 4.4601017844641985e-33 3.4212910738741246e-110
-12.0 8.571428571428571 1.1586146235685405e-33 5.184204494549512e-112
-12.0 8.73015873015873 2.9348849260133256e-34 7.39540376249886e-114
-12.0 8.88888888888889 7.249382011145273e-35 9.940177037694792e-116
-12.0 9.047619047619047 1.7460984633142212e-35 1.2599257469800575e-117
-12.0 9.206349206349206 4.101042883800532e-36 1.5072374320693668e-119
-12.0 9.365079365079364 9.392424816175537e-37 1.7032269745782446e-121
-12.0 9.523809523809524 2.097582157797782e-37 1.8196444528203596e-123
-12.0 9.682539682539682 4.5679155820762937e-38 1.839472581864933e-125
-12.0 9.84126984126984 9.700072818375086e-39 1.7610143629899135e-127
-12.0 10.0 2.0085828765504795e-39 1.597958677334975e-129
-11.905511811023622 0.0 1.8317183592486063e-17 1.2764050977420382e-58
-11.905511811023622 0.15873015873015872 1.8087877848027554e-17 1.2212435508605973e-58
-11.905511811023622 0.31746031746031744 1.741704086141745e-17 1.069667062857357e-58
-11.905511811023622 0.47619047619047616 1.6353810504782132e-17 8.577145659668467e-59
-11.905511811023622 0.6349206349206349 1.4973433143913764e-17 6.296658614827878e-59
-11.905511811023622 0.7936507936507936 1.3368468302192466e-17 4.232395150202426e-59
-11.905511811023622 0.9523809523809523 1.1638573394289384e-17 2.605052933118948e-59
-11.905511811023622 1.1111111111111112 9.880426341236853e-18 1.46844205988126e-59
-11.905511811023622 1.2698412698412698 8.179174168295674e-18 7.581805363555782e-60
-11.905511811023622 1.4285714285714284 6.602388319251877e-18 3.5862418680248785e-60
-11.905511811023622 1.5873015873015872 5.196973562105662e-18 1.5543295488734552e-60
-11.905511811023622 1.746031746031746 3.988942604265538e-18 6.1741683274216374e-61
-11.905511811023622 1.9047619047619047 2.9855400641027237e-18 2.2482812341598305e-61
-11.905511811023622 2.0634920634920633 2.1789429313934294e-18 7.507134783865292e-62
-11.905511811023622 2.2222222222222223 1.5506959201694717e-18 2.299181876611149e-62
-11.905511811023622 2.380952380952381 1.076131313876021e-18 6.460729057497475e-63
-11.905511811023622 2.5396825396825395 7.282185368944187e-19 1.6662558004788057e-63
-11.905511811023622 2.698412698412698 4.805250435858234e-19 3.9455341640130506e-64
-11.905511811023622 2.8571428571428568 3.091919369732815e-19 8.580943262553866e-65
-11.905511811023622 3.015873015873016 1.9399839162568954e-19 1.714744273725269e-65
-11.905511811023622 3.1746031746031744 1.1869322629994316e-19 3.1497609827718233e-66
-11.905511811023622 3.333333333333333 7.081276894861262e-20 5.3205578573410396e-67
-11.905511811023622 3.492063492063492 4.1196000486538604e-20 8.268637919029978e-68
-11.905511811023622 3.6507936507936507 2.3369873883827852e-20 1.1828024726036895e-68
-11.905511811023622 3.8095238095238093 1.2927528950167982e-20 1.5581320926303234e-69
-11.905511811023622 3.968253968253968 6.973206165752357e-21 1.8911694739826326e-70
-11.905511811023622 4.1269841269841265 3.667814205069075e-21 2.1160156445582705e-71
-11.905511811023622 4.285714285714286 1.881221731557388e-21 2.1837618818015348e-72
-11.905511811023622 4.444444444444445 9.408718651283915e-22 2.0798538882203205e-73
-11.905511811023622 4.603174603174603 4.58858533971953e-22 1.829160863651441e-74
-11.905511811023622 4.761904761904762 2.1821519100896264e-22 1.4863460444157033e-75
-11.905511811023622 4.92063492063492 1.0119265349257907e-22 1.1166091586654732e-76
-11.905511811023622 5.079365079365079 4.5758399322563944e-23 7.7600865581512695e-78
-11.905511811023622 5.238095238095238 2.0176716875231746e-23 4.992216425432059e-79
-11.905511811023622 5.396825396825396 8.675370114752197e-24 2.9748512877974793e-80
-11.905511811023622 5.555555555555555 3.637335492063186e-24 1.6431291518422376e-81
-11.905511811023622 5.7142857142857135 1.487087574439109e-24 8.417983982591064e-83
-11.905511811023622 5.873015873015873 5.928537421327207e-25 4.0029060480938795e-84
-11.905511811023622 6.031746031746032 2.3047107225843194e-25 1.7679905104699744e-85
-11.905511811023622 6.19047619047619 8.736613340417344e-26 7.258270818694209e-87
-11.905511811023622 6.349206349206349 3.2294431563073417e-26 2.771733829453289e-88
-11.905511811023622 6.507936507936508 1.1640456440933457e-26 9.85271943525171e-90
-11.905511811023622 6.666666666666666 4.091383709488201e-27 3.2626656402636296e-91
-11.905511811023622 6.825396825396825 1.4022590429496377e-27 1.00723493217029e-92
-11.905511811023622 6.984126984126984 4.686451461813776e-28 2.901113368163102e-94
-11.905511811023622 7.142857142857142 1.5272770770891892e-28 7.80211102123661e-96
-11.905511811023622 7.301587301587301 4.853436811758061e-29 1.9607149965578432e-97
-11.905511811023622 7.46031746031746 1.5039685764157974e-29 4.6080433158403934e-99
-11.905511811023622 7.619047619047619 4.544498673403211e-30 1.0135994807507427e-100
-11.905511811023622 7.777777777777778 1.3390322466759513e-30 2.088405992975388e-102
-11.905511811023622 7.936507936507936 3.8472811698807008e-31 4.0338147408138235e-104
-11.905511811023622 8.095238095238095 1.0778905244525492e-31 7.310140511950534e-106
-11.905511811023622 8.253968253968253 2.9447824592603196e-32 1.2439499082925946e-107
-11.905511811023622 8.412698412698413 7.844939833862817e-33 1.989336355112718e-109
-11.905511811023622 8.571428571428571 2.037904615582832e-33 2.992294984050813e-111
-11.905511811023622 8.73015873015873 5.162213056232165e-34 4.236974749485827e-113
-11.905511811023622 8.88888888888889 1.2751046603514706e-34 5.6523440864549075e-115
-11.905511811023622 9.047619047619047 3.071238740876844e-35 7.110331443902367e-117
-11.905511811023622 9.206349206349206 7.213385755359254e-36 8.44127547391757e-119
-11.905511811023622 9.365079365079364 1.652047669262526e-36 9.465698421728543e-121
-11.905511811023622 9.523809523809524 3.6894686757657857e-37 1.0034454601654148e-122
-11.905511811023622 9.682539682539682 8.034575137360438e-38 1.0064730261592003e-124
-11.905511811023622 9.84126984126984 1.7061603371767513e-38 9.559802346152215e-127
-11.905511811023622 10.0 3.532926506913466e-39 8.606081777607311e-129
-11.811023622047244 0.0 3.207486603447571e-17 9.121856670537796e-58
-11.811023622047244 0.15873015873015872 3.1673333178875603e-17 8.726885272892845e-58
-11.811023622047244 0.31746031746031744 3.0498643501947483e-17 7.641743116727232e-58
-11.811023622047244 0.47619047619047616 2.8636841381513686e-17 6.1248864712947246e-58
-11.811023622047244 0.6349206349206349 2.621968927385898e-17 4.4936740809629064e-58
-11.811023622047244 0.7936507936507936 2.3409266370778423e-17 3.0181349450610647e-58
-11.811023622047244 0.9523809523809523 2.0380080844272358e-17 1.855902079390131e-58
-11.811023622047244 1.1111111111111112 1.7301423532637345e-17 1.0449767731735985e-58
-11.811023622047244 1.2698412698412698 1.4322393745528956e-17 5.388393243202513e-59
-11.811023622047244 1.4285714285714284 1.1561314531698101e-17 2.54500633263979e-59
-11.811023622047244 1.5873015873015872 9.100319923507802e-18 1.1012379712501925e-59
-11.811023622047244 1.746031746031746 6.98496026995735e-18 4.366483669469562e-60
-11.811023622047244 1.9047619047619047 5.22792148220522e-18 1.5868878585569744e-60
-11.811023622047244 2.0634920634920633 3.815504838302844e-18 5.287366507326254e-61
-11.811023622047244 2.2222222222222223 2.715393643815807e-18 1.6156079703858023e-61
-11.811023622047244 2.380952380952381 1.88439273722391e-18 4.528663174165894e-62
-11.811023622047244 2.5396825396825395 1.2751694001850769e-18 1.1648900293721087e-62
-11.811023622047244 2.698412698412698 8.414381130922552e-19 2.7506373815440396e-63
-11.811023622047244 2.8571428571428568 5.414200227499088e-19 5.9645403450454277e-64
-11.811023622047244 3.015873015873016 3.3970683270599975e-19 1.1881917213797949e-64
-11.811023622047244 3.1746031746031744 2.0784141369484845e-19 2.1754116507516136e-65
-11.811023622047244 3.333333333333333 1.2399887057357174e-19 3.662097549662115e-66
-11.811023622047244 3.492063492063492 7.2137519946241e-20 5.670855031699745e-67
-11.811023622047244 3.6507936507936507 4.092253431219962e-20 8.081692983446194e-68
-11.811023622047244 3.8095238095238093 2.2637145996808074e-20 1.060484872436876e-68
-11.811023622047244 3.968253968253968 1.2210646493112452e-20 1.2819647832621964e-69
-11.811023622047244 4.1269841269841265 6.422638538994439e-21 1.428387956601879e-70
-11.811023622047244 4.285714285714286 3.2941710015725262e-21 1.4677475022348384e-71
-11.811023622047244 4.444444444444445 1.6475425317012158e-21 1.3916680974002588e-72
-11.811023622047244 4.603174603174603 8.0349830701941265e-22 1.2182894041995279e-73
-11.811023622047244 4.761904761904762 3.8211240188536253e-22 9.852674121700563e-75
-11.811023622047244 4.92063492063492 1.7719649901740556e-22 7.365663405301642e-76
-11.811023622047244 5.079365079365079 8.012664833612025e-23 5.0932572909472634e-77
-11.811023622047244 5.238095238095238 3.533105881267025e-23 3.259745600581396e-78
-11.811023622047244 5.396825396825396 1.5191272873648388e-23 1.932238516509183e-79
-11.811023622047244 5.555555555555555 6.369267853941736e-24 1.061493441368517e-80
-11.811023622047244 5.7142857142857135 2.6040102994455004e-24 5.408164366627142e-82
-11.811023622047244 5.873015873015873 1.038134725293964e-24 2.557175119084798e-83
-11.811023622047244 6.031746031746032 4.035734385794769e-25 1.1229398523917145e-84
-11.811023622047244 6.19047619047619 1.529851470200101e-25 4.583007177276637e-86
-11.811023622047244 6.349206349206349 5.655015471210531e-26 1.7396429578669644e-87
-11.811023622047244 6.507936507936508 2.0383378210842957e-26 6.146211544737369e-89
-11.811023622047244 6.666666666666666 7.164342908661064e-27 2.0226439299175247e-90
-11.811023622047244 6.825396825396825 2.4554686980749587e-27 6.204788156643182e-92
-11.811023622047244 6.984126984126984 8.206354544396866e-28 1.7756819424369827e-93
-11.811023622047244 7.142857142857142 2.6743853604904925e-28 4.744309848888172e-95
-11.811023622047244 7.301587301587301 8.498759362099306e-29 1.1843856431754205e-96
-11.811023622047244 7.46031746031746 2.6335702956204646e-29 2.7648490809046707e-98
-11.811023622047244 7.619047619047619 7.957783761203053e-30 6.040280509576484e-100
-11.811023622047244 7.777777777777778 2.3447534775811553e-30 1.2359540261961168e-101
-11.811023622047244 7.936507936507936 6.736899671164791e-31 2.3706201386978567e-103
-11.811023622047244 8.095238095238095 1.88747325685094e-31 4.2657316243001706e-105
-11.811023622047244 8.253968253968253 5.156551628395246e-32 7.207037748307868e-107
-11.811023622047244 8.412698412698413 1.3737122464771027e-32 1.1442309995279313e-108
-11.811023622047244 8.571428571428571 3.568535370397977e-33 1.708551721411206e-110
-11.811023622047244 8.73015873015873 9.039451473751128e-34 2.4014063149581463e-112
-11.811023622047244 8.88888888888889 2.2328111171788586e-34 3.17975294931778e-114
-11.811023622047244 9.047619047619047 5.377986778159851e-35 3.969901822046984e-116
-11.811023622047244 9.206349206349206 1.2631220328711104e-35 4.677291022203377e-118
-11.811023622047244 9.365079365079364 2.8928687320631645e-36 5.204844804773236e-120
-11.811023622047244 9.523809523809524 6.460557263952301e-37 5.475089575860321e-122
-11.811023622047244 9.682539682539682 1.4069189178214073e-37 5.4489972564332795e-124
-11.811023622047244 9.84126984126984 2.987624378604199e-38 5.1351853754506254e-126
-11.811023622047244 10.0 6.186439298745806e-39 4.5865097428026157e-128
-11.716535433070867 0.0 5.59155124587049e-17 6.442192137594753e-57
-11.716535433070867 0.15873015873015872 5.5215527761473276e-17 6.162715499695534e-57
-11.716535433070867 0.31746031746031744 5.3167713276611943e-17 5.395013999914366e-57
-11.716535433070867 0.47619047619047616 4.99220685543904e-17 4.322255142440236e-57
-11.716535433070867 0.6349206349206349 4.570829261391168e-17 3.1692110937074567e-57
-11.716535433070867 0.7936507936507936 4.0808935070764926e-17 2.1269175561328789e-57
-11.716535433070867 0.9523809523809523 3.552821274865073e-17 1.3066365717165654e-57
-11.716535433070867 1.1111111111111112 3.0161247191264435e-17 7.348855354403517e-58
-11.716535433070867 1.2698412698412698 2.496796042907282e-17 3.78452583482606e-58
-11.716535433070867 1.4285714285714284 2.0154622814054045e-17 1.7848688188107925e-58
-11.716535433070867 1.5873015873015872 1.5864417064568995e-17 7.710637838539911e-59
-11.716535433070867 1.746031746031746 1.2176750249823548e-17 3.051823971814088e-59
-11.716535433070867 1.9047619047619047 9.113737480841678e-18 1.1069286252023346e-59
-11.716535433070867 2.0634920634920633 6.651498032542252e-18 3.680325349458747e-60
-11.716535433070867 2.2222222222222223 4.733694817551953e-18 1.1219780419291367e-60
-11.716535433070867 2.380952380952381 3.285026520830451e-18 3.1372464653079e-61
-11.716535433070867 2.5396825396825395 2.2229789021213416e-18 8.048649600486262e-62
-11.716535433070867 2.698412698412698 1.4668632830848921e-18 1.8952247615111994e-62
-11.716535433070867 2.8571428571428568 9.438473724231617e-19 4.097548323802865e-63
-11.716535433070867 3.015873015873016 5.922045509422498e-19 8.137376960707988e-64
-11.716535433070867 3.1746031746031744 3.623260388491628e-19 1.4849845801880437e-64
-11.716535433070867 3.333333333333333 2.1616490572304955e-19 2.4912968061047166e-65
-11.716535433070867 3.492063492063492 1.2575598572909347e-19 3.8440799350012163e-66
-11.716535433070867 3.6507936507936507 7.133948664714913e-20 5.4579370653181627e-67
-11.716535433070867 3.8095238095238093 3.946291210237735e-20 7.134241008884655e-68
-11.716535433070867 3.968253968253968 2.128659104548091e-20 8.589584569265658e-69
-11.716535433070867 4.1269841269841265 1.1196465321441892e-20 9.53084729614208e-70
-11.716535433070867 4.285714285714286 5.742666531531277e-21 9.75131825272221e-71
-11.716535433070867 4.444444444444445 2.8721299991889853e-21 9.204762576749817e-72
-11.716535433070867 4.603174603174603 1.4007235306423827e-21 8.021055930958752e-73
-11.716535433070867 4.761904761904762 6.661293844620071e-22 6.456237920378982e-74
-11.716535433070867 4.92063492063492 3.089033337753296e-22 4.803112415279253e-75
-11.716535433070867 5.079365079365079 1.396832834312361e-22 3.304715759609283e-76
-11.716535433070867 5.238095238095238 6.159197226562605e-23 2.1042288360253865e-77
-11.716535433070867 5.396825396825396 2.648266111905389e-23 1.2407518730576448e-78
-11.716535433070867 5.555555555555555 1.1103425207048697e-23 6.779562858318725e-80
-11.716535433070867 5.7142857142857135 4.539522322080395e-24 3.4351105700436557e-81
-11.716535433070867 5.873015873015873 1.809760798489261e-24 1.6151212719387248e-82
-11.716535433070867 6.031746031746032 7.03542007272548e-25 7.051856190622262e-84
-11.716535433070867 6.19047619047619 2.666961378731757e-25 2.861207364161588e-85
-11.716535433070867 6.349206349206349 9.858282422591263e-26 1.0795964249988303e-86
-11.716535433070867 6.507936507936508 3.5533960985957816e-26 3.791081603082748e-88
-11.716535433070867 6.666666666666666 1.2489464639917393e-26 1.2398875748614766e-89
-11.716535433070867 6.825396825396825 4.280572534008231e-27 3.7796461627335924e-91
-11.716535433070867 6.984126984126984 1.4305983983676302e-27 1.074746144061684e-92
-11.716535433070867 7.142857142857142 4.662205846258291e-28 2.852900757568495e-94
-11.716535433070867 7.301587301587301 1.4815727818916403e-28 7.075174972165079e-96
-11.716535433070867 7.46031746031746 4.591053709074308e-29 1.6406071578042788e-97
-11.716535433070867 7.619047619047619 1.3872655198776487e-29 3.5599119446426057e-99
-11.716535433070867 7.777777777777778 4.087564766361269e-30 7.234265815084876e-101
-11.716535433070867 7.936507936507936 1.1744310859822965e-30 1.3779272895908109e-102
-11.716535433070867 8.095238095238095 3.2903967329273425e-31 2.4620303475700452e-104
-11.716535433070867 8.253968253968253 8.989319753091913e-32 4.1300635324915516e-106
-11.716535433070867 8.412698412698413 2.3947667980905534e-32 6.509976076181954e-108
-11.716535433070867 8.571428571428571 6.220960790556141e-33 9.649979856163397e-110
-11.716535433070867 8.73015873015873 1.575830623757277e-33 1.3463702959497253e-111
-11.716535433070867 8.88888888888889 3.892417748724357e-34 1.7695466034944972e-113
-11.716535433070867 9.047619047619047 9.375343497108478e-35 2.1927466147377375e-115
-11.716535433070867 9.206349206349206 2.2019769526068947e-35 2.5639796685028077e-117
-11.716535433070867 9.365079365079364 5.043083810707481e-36 2.831470559670762e-119
-11.716535433070867 9.523809523809524 1.1262568323571833e-36 2.95565189462447e-121
-11.716535433070867 9.682539682539682 2.4526553655211992e-37 2.9188465086858452e-123
-11.716535433070867 9.84126984126984 5.208269552372091e-38 2.7293507089741886e-125
-11.716535433070867 10.0 1.0784703615355162e-38 2.4186394073173087e-127
-11.622047244094489 0.0 9.704229826163022e-17 4.495793400386027e-56
-11.622047244094489 0.15873015873015872 9.582746322247191e-17 4.300385318718134e-56
-11.622047244094489 0.31746031746031744 9.227344725648816e-17 3.763705083875698e-56
-11.622047244094489 0.47619047619047616 8.66405770683142e-17 3.0140219172808182e-56
-11.622047244094489 0.6349206349206349 7.932749911118e-17 2.208642925613157e-56
-11.622047244094489 0.7936507936507936 7.082458292412825e-17 1.481115096966027e-56
-11.622047244094489 0.9523809523809523 6.165980184485415e-17 9.090388185112038e-57
-11.622047244094489 1.1111111111111112 5.234534420191617e-17 5.106962382656289e-57
-11.622047244094489 1.2698412698412698 4.333230898549088e-17 2.626611873363359e-57
-11.622047244094489 1.4285714285714284 3.49786818088547e-17 1.2369684570443285e-57
-11.622047244094489 1.5873015873015872 2.7532958651926453e-17 5.3350350751874936e-58
-11.622047244094489 1.746031746031746 2.1132951798902754e-17 2.107794338050748e-58
-11.622047244094489 1.9047619047619047 1.5817042391361484e-17 7.630231036453274e-59
-11.622047244094489 2.0634920634920633 1.1543785035276454e-17 2.531521267514651e-59
-11.622047244094489 2.2222222222222223 8.215405782137218e-18 7.699907083529174e-60
-11.622047244094489 2.380952380952381 5.701217952124223e-18 2.147753839174093e-60
-11.622047244094489 2.5396825396825395 3.8580167142040895e-18 5.4957017332013866e-61
-11.622047244094489 2.698412698412698 2.545765530295119e-18 1.290491769591266e-61
-11.622047244094489 2.8571428571428568 1.6380627521886419e-18 2.7819141200108457e-62
-11.622047244094489 3.015873015873016 1.0277808096076184e-18 5.50757693881017e-63
-11.622047244094489 3.1746031746031744 6.288228433196025e-19 1.0018129781509118e-63
-11.622047244094489 3.333333333333333 3.7515777523036256e-19 1.674987364205819e-64
-11.622047244094489 3.492063492063492 2.182515967160405e-19 2.575332776575255e-65
-11.622047244094489 3.6507936507936507 1.2381086100493154e-19 3.6429956314023156e-66
-11.622047244094489 3.8095238095238093 6.848853776203233e-20 4.7435358467676186e-67
-11.622047244094489 3.968253968253968 3.6943231428567876e-20 5.688356206720714e-68
-11.622047244094489 4.1269841269841265 1.943165106466288e-20 6.285547826785087e-69
-11.622047244094489 4.285714285714286 9.966492908054933e-21 6.403385087402635e-70
-11.622047244094489 4.444444444444445 4.9846291980837e-21 6.017721941031564e-71
-11.622047244094489 4.603174603174603 2.430978894149801e-21 5.219919485959845e-72
-11.622047244094489 4.761904761904762 1.1560785829431254e-21 4.1818164613804084e-73
-11.622047244094489 4.92063492063492 5.361068535744178e-22 3.096013126735683e-74
-11.622047244094489 5.079365079365079 2.42422652620929e-22 2.119586591557418e-75
-11.622047244094489 5.238095238095238 1.0689388830223334e-22 1.3427354302307165e-76
-11.622047244094489 5.396825396825396 4.596109712800851e-23 7.876028796805779e-78
-11.622047244094489 5.555555555555555 1.9270178404675932e-23 4.2804991275495227e-79
-11.622047244094489 5.7142857142857135 7.87841619926123e-24 2.1570010513911877e-80
-11.622047244094489 5.873015873015873 3.1408698492909893e-24 1.0085079161191267e-81
-11.622047244094489 6.031746031746032 1.221008809670667e-24 4.378152357271834e-83
-11.622047244094489 6.19047619047619 4.628555658114953e-25 1.7660370767241188e-84
-11.622047244094489 6.349206349206349 1.7109212473139978e-25 6.624085059219377e-86
-11.622047244094489 6.507936507936508 6.166977800593547e-26 2.3120308065952353e-87
-11.622047244094489 6.666666666666666 2.1675672803858265e-26 7.515051883094551e-89
-11.622047244094489 6.825396825396825 7.42900455186833e-27 2.2765349356500477e-90
-11.622047244094489 6.984126984126984 2.4828272220438047e-27 6.432177516805323e-92
-11.622047244094489 7.142857142857142 8.09133548805165e-28 1.6963846862796738e-93
-11.622047244094489 7.301587301587301 2.571294109176297e-28 4.17944074925686e-95
-11.622047244094489 7.46031746031746 7.967849775143987e-29 9.626929993289182e-97
-11.622047244094489 7.619047619047619 2.407622293499774e-29 2.0748407365809294e-98
-11.622047244094489 7.777777777777778 7.094036373428752e-30 4.1875837852088643e-100
-11.622047244094489 7.936507936507936 2.038244607304526e-30 7.921023218463884e-102
-11.622047244094489 8.095238095238095 5.710538044190259e-31 1.4053933331746064e-103
-11.622047244094489 8.253968253968253 1.5601113363540378e-31 2.3408600410191806e-105
-11.622047244094489 8.412698412698413 4.15615745378318e-32 3.663348395376266e-107
-11.622047244094489 8.571428571428571 1.0796580518812232e-32 5.391038037867499e-109
-11.622047244094489 8.73015873015873 2.734880155366574e-33 7.466651241947929e-111
-11.622047244094489 8.88888888888889 6.755355491189236e-34 9.741101110768891e-113
-11.622047244094489 9.047619047619047 1.6271063966793673e-34 1.1980906709545109e-114
-11.622047244094489 9.206349206349206 3.8215674828684775e-35 1.390409198247785e-116
-11.622047244094489 9.365079365079364 8.752355505612212e-36 1.523841092909709e-118
-11.622047244094489 9.523809523809524 1.9546373920031867e-36 1.5785355592063564e-120
-11.622047244094489 9.682539682539682 4.256624021637531e-37 1.5468948560014073e-122
-11.622047244094489 9.84126984126984 9.039038097013377e-38 1.4352694278454151e-124
-11.622047244094489 10.0 1.8717031801818844e-38 1.261963996642615e-126
-11.527559055118111 0.0 1.6766837021196505e-16 3.1000438401777722e-55
-11.527559055118111 0.15873015873015872 1.6556939466479792e-16 2.9650471179105024e-55
-11.527559055118111 0.31746031746031744 1.5942881395516515e-16 2.5943469177047087e-55
-11.527559055118111 0.47619047619047616 1.4969641704180676e-16 2.076694736213753e-55
-11.527559055118111 0.6349206349206349 1.3706097987398613e-16 1.5208669144705521e-55
-11.527559055118111 0.7936507936507936 1.223697563078641e-16 1.0191069288434358e-55
-11.527559055118111 0.9523809523809523 1.065349715342339e-16 6.248914596128691e-56
-11.527559055118111 1.1111111111111112 9.044157761863152e-17 3.5067291438416188e-56
-11.527559055118111 1.2698412698412698 7.486897729411312e-17 1.8012720743266212e-56
-11.527559055118111 1.4285714285714284 6.043569326070343e-17 8.470569826283228e-57
-11.527559055118111 1.5873015873015872 4.7571073511015796e-17 3.647446592435374e-57
-11.527559055118111 1.746031746031746 3.651322824545103e-17 1.4384838776199136e-57
-11.527559055118111 1.9047619047619047 2.7328471881232537e-17 5.1971757714565575e-58
-11.527559055118111 2.0634920634920633 1.994519562720793e-17 1.720650012196932e-58
-11.527559055118111 2.2222222222222223 1.4194466977762626e-17 5.221634430416629e-59
-11.527559055118111 2.380952380952381 9.850487255347978e-18 1.452930323800306e-59
-11.527559055118111 2.5396825396825395 6.665829090085419e-18 3.7081097617791264e-60
-11.527559055118111 2.698412698412698 4.3985392457997115e-18 8.683288490833635e-61
-11.527559055118111 2.8571428571428568 2.8302226645944e-18 1.8663939294763922e-61
-11.527559055118111 3.015873015873016 1.7757857796962322e-18 3.683684776306078e-62
-11.527559055118111 3.1746031746031744 1.0864716023851558e-18 6.678873260442424e-63
-11.527559055118111 3.333333333333333 6.481925291550172e-19 1.1128991962857014e-63
-11.527559055118111 3.492063492063492 3.7709215644170834e-19 1.7050582428455065e-64
-11.527559055118111 3.6507936507936507 2.1391873081230424e-19 2.403038228972884e-65
-11.527559055118111 3.8095238095238093 1.1833356907727955e-19 3.1169926496497404e-66
-11.527559055118111 3.968253968253968 6.38300155185068e-20 3.722958196964076e-67
-11.527559055118111 4.1269841269841265 3.357374385091041e-20 4.09684346489597e-68
-11.527559055118111 4.285714285714286 1.7219971626366617e-20 4.155838559233837e-69
-11.527559055118111 4.444444444444445 8.612374899658813e-21 3.888327464452673e-70
-11.527559055118111 4.603174603174603 4.200212448626059e-21 3.3574996001140596e-71
-11.527559055118111 4.761904761904762 1.9974569369373016e-21 2.67719071392114e-72
-11.527559055118111 4.92063492063492 9.262781695044452e-22 1.9725181512990326e-73
-11.527559055118111 5.079365079365079 4.188545798640043e-22 1.3437421352577817e-74
-11.527559055118111 5.238095238095238 1.8468981421827899e-22 8.469260053572292e-76
-11.527559055118111 5.396825396825396 7.94109618862355e-23 4.941937837133349e-77
-11.527559055118111 5.555555555555555 3.329475357328105e-23 2.671561125747671e-78
-11.527559055118111 5.7142857142857135 1.3612220935043258e-23 1.3389013879113022e-79
-11.527559055118111 5.873015873015873 5.426752437980376e-24 6.22519503820756e-81
-11.527559055118111 6.031746031746032 2.109642504343683e-24 2.6871314121313106e-82
-11.527559055118111 6.19047619047619 7.997155854029816e-25 1.0776365182938745e-83
-11.527559055118111 6.349206349206349 2.9561065868901172e-25 4.018130177486641e-85
-11.527559055118111 6.507936507936508 1.0655220821039926e-25 1.3940219952252592e-86
-11.527559055118111 6.666666666666666 3.745093425623983e-26 4.5033874676205457e-88
-11.527559055118111 6.825396825396825 1.2835733570023427e-26 1.355712252919356e-89
-11.527559055118111 6.984126984126984 4.289795288191191e-27 3.806210320813004e-91
-11.527559055118111 7.142857142857142 1.3980100001983037e-27 9.973727498020012e-93
-11.527559055118111 7.301587301587301 4.44264717905676e-28 2.441224431662167e-94
-11.527559055118111 7.46031746031746 1.3766743057654804e-28 5.5858963022085165e-96
-11.527559055118111 7.619047619047619 4.1598572299756976e-29 1.1958195237893745e-97
-11.527559055118111 7.777777777777778 1.2256980082545054e-29 2.3970751939590763e-99
-11.527559055118111 7.936507936507936 3.5216514604663024e-30 4.5029728144623785e-101
-11.527559055118111 8.095238095238095 9.866590384343591e-31 7.933769770777303e-103
-11.527559055118111 8.253968253968253 2.695539262790931e-31 1.3121568500729644e-104
-11.527559055118111 8.412698412698413 7.180952626878047e-32 2.0388403307923205e-106
-11.527559055118111 8.571428571428571 1.8654185771353026e-32 2.9787861102988215e-108
-11.527559055118111 8.73015873015873 4.725288936779722e-33 4.095652619328223e-110
-11.527559055118111 8.88888888888889 1.1671811835664168e-33 5.304020077648311e-112
-11.527559055118111 9.047619047619047 2.811292421755858e-34 6.475261794399274e-114
-11.527559055118111 9.206349206349206 6.602852601245011e-35 7.458519407219152e-116
-11.527559055118111 9.365079365079364 1.5122201446479496e-35 8.112691396742979e-118
-11.527559055118111 9.523809523809524 3.37719604485215e-36 8.340056311141569e-120
-11.527559055118111 9.682539682539682 7.3545374037710426e-37 8.110355908330264e-122
-11.527559055118111 9.84126984126984 1.5617527749848607e-37 7.467123315971027e-124
-11.527559055118111 10.0 3.233903435546855e-38 6.514558459856639e-126
-11.433070866141732 0.0 2.8840482238632976e-16 2.111955540439791e-54
-11.433070866141732 0.15873015873015872 2.847943938415261e-16 2.019814266254653e-54
-11.433070866141732 0.31746031746031744 2.7423203740738344e-16 1.7668374933123577e-54
-11.433070866141732 0.47619047619047616 2.5749143093735e-16 1.4136953176636778e-54
-11.433070866141732 0.6349206349206349 2.357573316104938e-16 1.0347011910632957e-54
-11.433070866141732 0.7936507936507936 2.1048709299680135e-16 6.928036828789192e-55
-11.433070866141732 0.9523809523809523 1.8324982526174057e-16 4.244123507996501e-55
-11.433070866141732 1.1111111111111112 1.5556772631872046e-16 2.379058656287759e-55
-11.433070866141732 1.2698412698412698 1.2878143964456554e-16 1.2204739443050712e-55
-11.433070866141732 1.4285714285714284 1.0395488045009968e-16 5.731062597590824e-56
-11.433070866141732 1.5873015873015872 8.182656627083079e-17 2.4638382173475636e-56
-11.433070866141732 1.746031746031746 6.280606827374853e-17 9.699664797653241e-57
-11.433070866141732 1.9047619047619047 4.7007453278353815e-17 3.497645426778567e-57
-11.433070866141732 2.0634920634920633 3.4307547661216626e-17 1.1555431710555417e-57
-11.433070866141732 2.2222222222222223 2.441577217226459e-17 3.498762335063436e-58
-11.433070866141732 2.380952380952381 1.694373258179798e-17 9.711732572269363e-59
-11.433070866141732 2.5396825396825395 1.1465831345252297e-17 2.4721715611670457e-59
-11.433070866141732 2.698412698412698 7.565886925127638e-18 5.773179841185081e-60
-11.433070866141732 2.8571428571428568 4.8682399898335995e-18 1.2372867137594561e-60
-11.433070866141732 3.015873015873016 3.0545127965519795e-18 2.4345442467270287e-61
-11.433070866141732 3.1746031746031744 1.8688298163664105e-18 4.399864158004488e-62
-11.433070866141732 3.333333333333333 1.1149500111843882e-18 7.306781741961407e-63
-11.433070866141732 3.492063492063492 6.486327520471601e-19 1.1155213645157133e-63
-11.433070866141732 3.6507936507936507 3.6795964251955873e-19 1.5663997964766245e-64
-11.433070866141732 3.8095238095238093 2.0354448444228912e-19 2.0240287398917835e-65
-11.433070866141732 3.968253968253968 1.0979342296498294e-19 2.40793374959187e-66
-11.433070866141732 4.1269841269841265 5.774988818657323e-20 2.6388736160169122e-67
-11.433070866141732 4.285714285714286 2.9619914907752224e-20 2.6655018003126517e-68
-11.433070866141732 4.444444444444445 1.4814066899562036e-20 2.4829809106719e-69
-11.433070866141732 4.603174603174603 7.224746824338161e-21 2.1343066643872044e-70
-11.433070866141732 4.761904761904762 3.435807316511002e-21 1.6939144612626869e-71
-11.433070866141732 4.92063492063492 1.5932825649736078e-21 1.2420711266832126e-72
-11.433070866141732 5.079365079365079 7.204679126937593e-22 8.419719978621642e-74
-11.433070866141732 5.238095238095238 3.1768325175970428e-22 5.279920729070363e-75
-11.433070866141732 5.396825396825396 1.3659406559134669e-22 3.0649572505514653e-76
-11.433070866141732 5.555555555555555 5.726999957451426e-23 1.648099751399486e-77
-11.433070866141732 5.7142857142857135 2.341425610621506e-23 8.214956821128497e-79
-11.433070866141732 5.873015873015873 9.334506985615254e-24 3.798359948242903e-80
-11.433070866141732 6.031746031746032 3.6287766797918886e-24 1.6303008349815658e-81
-11.433070866141732 6.19047619047619 1.3755834274296995e-24 6.500356210993975e-83
-11.433070866141732 6.349206349206349 5.084771767443733e-25 2.409496469351903e-84
-11.433070866141732 6.507936507936508 1.832794739099723e-25 8.309251264528885e-86
-11.433070866141732 6.666666666666666 6.441900776347014e-26 2.66793482302424e-87
-11.433070866141732 6.825396825396825 2.207862732715156e-26 7.981818507570024e-89
-11.433070866141732 6.984126984126984 7.378837443224616e-27 2.2268012917667236e-90
-11.433070866141732 7.142857142857142 2.4047041507697094e-27 5.7977249205034865e-92
-11.433070866141732 7.301587301587301 7.6417565756809625e-28 1.4098647720095438e-93
-11.433070866141732 7.46031746031746 2.3680048188944817e-28 3.204731380153946e-95
-11.433070866141732 7.619047619047619 7.155332183684677e-29 6.814812921005759e-97
-11.433070866141732 7.777777777777778 2.1083118773268347e-29 1.3568166607511906e-98
-11.433070866141732 7.936507936507936 6.057560305967975e-30 2.531353975302323e-100
-11.433070866141732 8.095238095238095 1.6971431425962642e-30 4.429056092860404e-102
-11.433070866141732 8.253968253968253 4.636572308407396e-31 7.273785898469406e-104
-11.433070866141732 8.412698412698413 1.2351890605850358e-31 1.122192718329537e-105
-11.433070866141732 8.571428571428571 3.2086893475181815e-32 1.6277978209045892e-107
-11.433070866141732 8.73015873015873 8.127926065084359e-33 2.2219268524557484e-109
-11.433070866141732 8.88888888888889 2.007657625070163e-33 2.856452674884165e-111
-11.433070866141732 9.047619047619047 4.835678253134675e-34 3.46150768694853e-113
-11.433070866141732 9.206349206349206 1.1357506065680656e-34 3.9574795719400994e-115
-11.433070866141732 9.365079365079364 2.601155970412712e-35 4.272304696843541e-117
-11.433070866141732 9.523809523809524 5.80908387341081e-36 4.358847566228011e-119
-11.433070866141732 9.682539682539682 1.265047218498485e-36 4.206524130072022e-121
-11.433070866141732 9.84126984126984 2.686356592549046e-37 3.843209002117782e-123
-11.433070866141732 10.0 5.562607573296942e-38 3.3270581803248534e-125
-11.338582677165354 0.0 4.938729027833861e-16 1.4214246296384257e-53
-11.338582677165354 0.15873015873015872 4.876902987237158e-16 1.3592945168838274e-53
-11.338582677165354 0.31746031746031744 4.69603008819197e-16 1.1887429393521747e-53
-11.338582677165354 0.47619047619047616 4.4093590178783533e-16 9.507417947381438e-54
-11.338582677165354 0.6349206349206349 4.0371779067886637e-16 6.954460509685135e-54
-11.338582677165354 0.7936507936507936 3.604442906211757e-16 4.6529336462440104e-54
-11.338582677165354 0.9523809523809523 3.138023920256537e-16 2.8477344101984974e-54
-11.338582677165354 1.1111111111111112 2.6639875138259675e-16 1.594550415568911e-54
-11.338582677165354 1.2698412698412698 2.2052912602372525e-16 8.169779711583128e-55
-11.338582677165354 1.4285714285714284 1.780153956566577e-16 3.83083195286002e-55
-11.338582677165354 1.5873015873015872 1.4012221943653536e-16 1.6442731607415726e-55
-11.338582677165354 1.746031746031746 1.0755095907937899e-16 6.461754034412281e-56
-11.338582677165354 1.9047619047619047 8.049694596277112e-17 2.3255724994262224e-56
-11.338582677165354 2.0634920634920633 5.874925395015661e-17 7.667073288086305e-57
-11.338582677165354 2.2222222222222223 4.181028658481188e-17 2.3162030405910086e-57
-11.338582677165354 2.380952380952381 2.9014946161159075e-17 6.413684114469231e-58
-11.338582677165354 2.5396825396825395 1.963442692272019e-17 1.628428116835526e-58
-11.338582677165354 2.698412698412698 1.295604736053389e-17 3.7924097696023586e-59
-11.338582677165354 2.8571428571428568 8.336517383210117e-18 8.104241362719631e-60
-11.338582677165354 3.015873015873016 5.230637577208655e-18 1.5897683491168627e-60
-11.338582677165354 3.1746031746031744 3.200239158902391e-18 2.8639312405703196e-61
-11.338582677165354 3.333333333333333 1.9092732012101847e-18 4.7401304538785545e-62
-11.338582677165354 3.492063492063492 1.1107378075141758e-18 7.211362491537321e-63
-11.338582677165354 3.6507936507936507 6.301049172986547e-19 1.0089102384826044e-63
-11.338582677165354 3.8095238095238093 3.4855556347946114e-19 1.2987126182561222e-64
-11.338582677165354 3.968253968253968 1.880134876302623e-19 1.5389489450646204e-65
-11.338582677165354 4.1269841269841265 9.889260754424464e-20 1.6796516852267537e-66
-11.338582677165354 4.285714285714286 5.072201371200741e-20 1.689425793055016e-67
-11.338582677165354 4.444444444444445 2.5368043991697018e-20 1.5668681758947086e-68
-11.338582677165354 4.603174603174603 1.2371869015530248e-20 1.340772816710131e-69
-11.338582677165354 4.761904761904762 5.883577530949476e-21 1.0591816495321977e-70
-11.338582677165354 4.92063492063492 2.728383938960716e-21 7.729444751310746e-72
-11.338582677165354 5.079365079365079 1.233750450010574e-21 5.213934638800424e-73
-11.338582677165354 5.238095238095238 5.4401014661975055e-22 3.2531619653526065e-74
-11.338582677165354 5.396825396825396 2.339076965440512e-22 1.878703821672504e-75
-11.338582677165354 5.555555555555555 9.807083216653417e-23 1.0048918037528685e-76
-11.338582677165354 5.7142857142857135 4.0095261008500264e-23 4.981846675887522e-78
-11.338582677165354 5.873015873015873 1.5984684385277973e-23 2.29075617585395e-79
-11.338582677165354 6.031746031746032 6.214023945829919e-24 9.776821057501255e-81
-11.338582677165354 6.19047619047619 2.3555895310772084e-24 3.8758308902932875e-82
-11.338582677165354 6.349206349206349 8.707312769599083e-25 1.4282472197492248e-83
-11.338582677165354 6.507936507936508 3.13853163243155e-25 4.8959977078848777e-85
-11.338582677165354 6.666666666666666 1.103130041145881e-25 1.562466306934773e-86
-11.338582677165354 6.825396825396825 3.780809099275928e-26 4.645671126085607e-88
-11.338582677165354 6.984126984126984 1.2635738324688938e-26 1.2879393641687191e-89
-11.338582677165354 7.142857142857142 4.117886134667441e-27 3.331932588945378e-91
-11.338582677165354 7.301587301587301 1.3085968782241995e-27 8.0500607855962e-93
-11.338582677165354 7.46031746031746 4.05504111906243e-28 1.8178415813986988e-94
-11.338582677165354 7.619047619047619 1.2253001342682166e-28 3.839916556245941e-96
-11.338582677165354 7.777777777777778 3.6103352857023795e-29 7.593716245508784e-98
-11.338582677165354 7.936507936507936 1.0373144482606421e-29 1.4070660233354462e-99
-11.338582677165354 8.095238095238095 2.9062378476812115e-30 2.444924088204806e-101
-11.338582677165354 8.253968253968253 7.93980282982518e-31 3.987242660511728e-103
-11.338582677165354 8.412698412698413 2.1151740868613663e-31 6.108070702816785e-105
-11.338582677165354 8.571428571428571 5.494654038988973e-32 8.796890233818402e-107
-11.338582677165354 8.73015873015873 1.391849971910247e-32 1.1921183015669905e-108
-11.338582677165354 8.88888888888889 3.4379719828692816e-33 1.5214141173933956e-110
-11.338582677165354 9.047619047619047 8.280757707314022e-34 1.8301537415994625e-112
-11.338582677165354 9.206349206349206 1.944892752702963e-34 2.076897193905678e-114
-11.338582677165354 9.365079365079364 4.4542960102769823e-35 2.225388695472802e-116
-11.338582677165354 9.523809523809524 9.947646129267911e-36 2.253393769073919e-118
-11.338582677165354 9.682539682539682 2.166304074905488e-36 2.1581719823180032e-120
-11.338582677165354 9.84126984126984 4.600196062243022e-37 1.9567283137098423e-122
-11.338582677165354 10.0 9.525572861569477e-38 1.6809255110126767e-124
-11.244094488188976 0.0 8.419555898189755e-16 9.450434422090555e-53
-11.244094488188976 0.15873015873015872 8.314154730838001e-16 9.036593227606248e-53
-11.244094488188976 0.31746031746031744 8.005802222450556e-16 7.900759359910877e-53
-11.244094488188976 0.47619047619047616 7.517084763505857e-16 6.316256062705601e-53
-11.244094488188976 0.6349206349206349 6.882589602623432e-16 4.617463667478283e-53
-11.244094488188976 0.7936507936507936 6.144862040344448e-16 3.0869996408575986e-53
-11.244094488188976 0.9523809523809523 5.349709947144999e-16 1.887582039391824e-53
-11.244094488188976 1.1111111111111112 4.541571659090404e-16 1.0557678014325622e-53
-11.244094488188976 1.2698412698412698 3.7595852966852747e-16 5.40246215772963e-54
-11.244094488188976 1.4285714285714284 3.034810304478241e-16 2.5296092130098852e-54
-11.244094488188976 1.5873015873015872 2.3888066190215035e-16 1.0840299813198616e-54
-11.244094488188976 1.746031746031746 1.8335310699763619e-16 4.252586488931093e-55
-11.244094488188976 1.9047619047619047 1.3723136708805655e-16 1.527554942898235e-55
-11.244094488188976 2.0634920634920633 1.001558548409047e-16 5.0256247022927905e-56
-11.244094488188976 2.2222222222222223 7.127826674357031e-17 1.5148173931623247e-56
-11.244094488188976 2.380952380952381 4.9464742793146016e-17 4.184510710646676e-57
-11.244094488188976 2.5396825396825395 3.347281336414415e-17 1.0597171494833247e-57
-11.244094488188976 2.698412698412698 2.208749748302209e-17 2.461230282313579e-58
-11.244094488188976 2.8571428571428568 1.42121128145704e-17 5.244413971049457e-59
-11.244094488188976 3.015873015873016 8.91720222273378e-18 1.025648804373021e-59
-11.244094488188976 3.1746031746031744 5.455774620170306e-18 1.8417935804700604e-60
-11.244094488188976 3.333333333333333 3.2549330712228892e-18 3.0381989431391385e-61
-11.244094488188976 3.492063492063492 1.893588209819267e-18 4.606016965688922e-62
-11.244094488188976 3.6507936507936507 1.0742042219812069e-18 6.420643247323461e-63
-11.244094488188976 3.8095238095238093 5.942182763623904e-19 8.233664726855726e-64
-11.244094488188976 3.968253968253968 3.2052579920767806e-19 9.718417739550134e-65
-11.244094488188976 4.1269841269841265 1.6859233062675382e-19 1.0563790575495881e-65
-11.244094488188976 4.285714285714286 8.647099837026356e-20 1.0580537137017725e-66
-11.244094488188976 4.444444444444445 4.3247496109238995e-20 9.77032100990784e-68
-11.244094488188976 4.603174603174603 2.109158898054111e-20 8.323002009727589e-69
-11.244094488188976 4.761904761904762 1.003033566409082e-20 6.544632619765766e-70
-11.244094488188976 4.92063492063492 4.6513548235462305e-21 4.753305138783082e-71
-11.244094488188976 5.079365079365079 2.1033004280530043e-21 3.190722858219495e-72
-11.244094488188976 5.238095238095238 9.274296712440447e-22 1.9808419243634042e-73
-11.244094488188976 5.396825396825396 3.9876634554563453e-22 1.1380690904533292e-74
-11.244094488188976 5.555555555555555 1.671913661904786e-22 6.05539343084666e-76
-11.244094488188976 5.7142857142857135 6.835448744221602e-23 2.985889924856073e-77
-11.244094488188976 5.873015873015873 2.7250724414778683e-23 1.3654360366596323e-78
-11.244094488188976 6.031746031746032 1.0593681424864866e-23 5.794940448035486e-80
-11.244094488188976 6.19047619047619 4.015814112967043e-24 2.2841561539239336e-81
-11.244094488188976 6.349206349206349 1.4844245588994254e-24 8.368082614838678e-83
-11.244094488188976 6.507936507936508 5.350575495955963e-25 2.8515331571263275e-84
-11.244094488188976 6.666666666666666 1.8806184733066486e-25 9.045169128207678e-86
-11.244094488188976 6.825396825396825 6.445531506655705e-26 2.6728746324723095e-87
-11.244094488188976 6.984126984126984 2.1541433947891494e-26 7.363869020346793e-89
-11.244094488188976 7.142857142857142 7.020181163577602e-27 1.8929751174412169e-90
-11.244094488188976 7.301587301587301 2.2308987802956536e-27 4.5440657733394365e-92
-11.244094488188976 7.46031746031746 6.9130428454339725e-28 1.0194315372556247e-93
-11.244094488188976 7.619047619047619 2.0888943115503415e-28 2.1391506870085184e-95
-11.244094488188976 7.777777777777778 6.154907381608373e-29 4.2019767063165496e-97
-11.244094488188976 7.936507936507936 1.7684159086089697e-29 7.733154876958825e-99
-11.244094488188976 8.095238095238095 4.954560550717068e-30 1.334488964142506e-100
-11.244094488188976 8.253968253968253 1.3535792988350978e-30 2.161201273264806e-102
-11.244094488188976 8.412698412698413 3.6059533451550147e-31 3.287503710619616e-104
-11.244094488188976 8.571428571428571 9.367298056190882e-32 4.701093263664579e-106
-11.244094488188976 8.73015873015873 2.3728288339666548e-32 6.3250728744107224e-108
-11.244094488188976 8.88888888888889 5.8610620511962714e-33 8.013831789106306e-110
-11.244094488188976 9.047619047619047 1.411705359884369e-33 9.56969732207817e-112
-11.244094488188976 9.206349206349206 3.3156573594297986e-34 1.0779927497790212e-113
-11.244094488188976 9.365079365079364 7.593693445064251e-35 1.1464903658770775e-115
-11.244094488188976 9.523809523809524 1.6958768575630254e-35 1.1522319082101276e-117
-11.244094488188976 9.682539682539682 3.693119859046559e-36 1.0952236619126733e-119
-11.244094488188976 9.84126984126984 7.842424168323964e-37 9.854577912329268e-122
-11.244094488188976 10.0 1.6239217158557255e-37 8.400875475186476e-124
-11.149606299212598 0.0 1.4289744914468405e-15 6.206337462253648e-52
-11.149606299212598 0.15873015873015872 1.411085711879885e-15 5.9340574768842934e-52
-11.149606299212598 0.31746031746031744 1.3587518507846645e-15 5.186878494529832e-52
-11.149606299212598 0.47619047619047616 1.2758062903772747e-15 4.144900175745967e-52
-11.149606299212598 0.6349206349206349 1.1681192091569478e-15 3.0283210970968886e-52
-11.149606299212598 0.7936507936507936 1.0429114332503128e-15 2.0230481508020128e-52
-11.149606299212598 0.9523809523809523 9.079575150458061e-16 1.2358733751273555e-52
-11.149606299212598 1.1111111111111112 7.707995683374947e-16 6.904982155862986e-53
-11.149606299212598 1.2698412698412698 6.380801496355575e-16 3.5289024316088396e-53
-11.149606299212598 1.4285714285714284 5.150706954047101e-16 1.6499970764226816e-53
-11.149606299212598 1.5873015873015872 4.0543037719068147e-16 7.059618606311563e-54
-11.149606299212598 1.746031746031746 3.1118851872398406e-16 2.764598406705862e-54
-11.149606299212598 1.9047619047619047 2.329102928544875e-16 9.91160171790126e-55
-11.149606299212598 2.0634920634920633 1.6998540477351886e-16 3.2541288885106632e-55
-11.149606299212598 2.2222222222222223 1.209741062387921e-16 9.786620292760548e-56
-11.149606299212598 2.380952380952381 8.395200000107127e-17 2.696966008777291e-56
-11.149606299212598 2.5396825396825395 5.681035559679217e-17 6.812557858174251e-57
-11.149606299212598 2.698412698412698 3.748709654617406e-17 1.577951459168183e-57
-11.149606299212598 2.8571428571428568 2.4120923867198665e-17 3.352677735783021e-58
-11.149606299212598 3.015873015873016 1.5134354668396856e-17 6.537021718364159e-59
-11.149606299212598 3.1746031746031744 9.259589053839118e-18 1.1701518767139644e-59
-11.149606299212598 3.333333333333333 5.524301265277263e-18 1.9238528192736625e-60
-11.149606299212598 3.492063492063492 3.2138146974212727e-18 2.9065017501118007e-61
-11.149606299212598 3.6507936507936507 1.8231489289662875e-18 4.03690789093445e-62
-11.149606299212598 3.8095238095238093 1.0085125267188145e-18 5.157334976657083e-63
-11.149606299212598 3.968253968253968 5.439992280553195e-19 6.0635507844374515e-64
-11.149606299212598 4.1269841269841265 2.8613639820480413e-19 6.564305887009995e-65
-11.149606299212598 4.285714285714286 1.4675934504765861e-19 6.547167610515984e-66
-11.149606299212598 4.444444444444445 7.340003380978349e-20 6.019651215946143e-67
-11.149606299212598 4.603174603174603 3.5796831806478793e-20 5.105052331542952e-68
-11.149606299212598 4.761904761904762 1.7023574613617055e-20 3.995812139540032e-69
-11.149606299212598 4.92063492063492 7.89432064337841e-21 2.8884038725829704e-70
-11.149606299212598 5.079365079365079 3.569740133423395e-21 1.9294679205332675e-71
-11.149606299212598 5.238095238095238 1.57404186021689e-21 1.1918713162489942e-72
-11.149606299212598 5.396825396825396 6.7678977694619685e-22 6.812791133812162e-74
-11.149606299212598 5.555555555555555 2.8375866894322647e-22 3.6059737837550803e-75
-11.149606299212598 5.7142857142857135 1.160118420875988e-22 1.768583812159301e-76
-11.149606299212598 5.873015873015873 4.625017106963894e-23 8.043476964531896e-78
-11.149606299212598 6.031746031746032 1.7979690033177258e-23 3.39462711729508e-79
-11.149606299212598 6.19047619047619 6.815675314960411e-24 1.3304257336727076e-80
-11.149606299212598 6.349206349206349 2.5193785216160585e-24 4.8457918509543225e-82
-11.149606299212598 6.507936507936508 9.0810441675736e-25 1.6415135730168424e-83
-11.149606299212598 6.666666666666666 3.1918023456281067e-25 5.175644254158983e-85
-11.149606299212598 6.825396825396825 1.093941321632917e-25 1.5200697804577652e-86
-11.149606299212598 6.984126984126984 3.6560312673192496e-26 4.161835047719069e-88
-11.149606299212598 7.142857142857142 1.1914713708646852e-26 1.063103084743571e-89
-11.149606299212598 7.301587301587301 3.786301188080207e-27 2.535628796468838e-91
-11.149606299212598 7.46031746031746 1.1732877605252516e-27 5.651578856426396e-93
-11.149606299212598 7.619047619047619 3.545289944776816e-28 1.1781076449044279e-94
-11.149606299212598 7.777777777777778 1.0446163374753818e-28 2.2987484872644723e-96
-11.149606299212598 7.936507936507936 3.0013711580848656e-29 4.201963141597168e-98
-11.149606299212598 8.095238095238095 8.408924091620702e-30 7.201664227938888e-100
-11.149606299212598 8.253968253968253 2.2973067862186458e-30 1.1582471161929273e-101
-11.149606299212598 8.412698412698413 6.120055986185447e-31 1.7495538460570836e-103
-11.149606299212598 8.571428571428571 1.5898261307290942e-31 2.484179834279816e-105
-11.149606299212598 8.73015873015873 4.0271861334597457e-32 3.318501273529565e-107
-11.149606299212598 8.88888888888889 9.947446474875592e-33 4.174257942000219e-109
-11.149606299212598 9.047619047619047 2.3959588523514317e-33 4.948474119559924e-111
-11.149606299212598 9.206349206349206 5.6273630655767265e-34 5.533444214700915e-113
-11.149606299212598 9.365079365079364 1.288808383729236e-34 5.841580451007207e-115
-11.149606299212598 9.523809523809524 2.8782572375505283e-35 5.8271321904561374e-117
-11.149606299212598 9.682539682539682 6.267995766341957e-36 5.497290240400509e-119
-11.149606299212598 9.84126984126984 1.3310231825945388e-36 4.908984869922574e-121
-11.149606299212598 10.0 2.75613433312242e-37 4.1530202198211446e-123
-11.05511811023622 0.0 2.4144658854494274e-15 4.0257013027066526e-51
-11.05511811023622 0.15873015873015872 2.3842401198705e-15 3.84876580139986e-51
-11.05511811023622 0.31746031746031744 2.2958142431144214e-15 3.363307329154992e-51
-11.05511811023622 0.47619047619047616 2.1556653271247774e-15 2.686535134893528e-51
-11.05511811023622 0.6349206349206349 1.973711915453416e-15 1.9616687161276393e-51
-11.05511811023622 0.7936507936507936 1.7621546725991525e-15 1.3094916110986754e-51
-11.05511811023622 0.9523809523809523 1.5341298663042562e-15 7.992283334697913e-52
-11.05511811023622 1.1111111111111112 1.3023810245805633e-15 4.460542713010293e-52
-11.05511811023622 1.2698412698412698 1.0781317390191023e-15 2.2767803966116802e-52
-11.05511811023622 1.4285714285714284 8.702888890551268e-16 1.0630395251525402e-52
-11.05511811023622 1.5873015873015872 6.850351916783769e-16 4.541098736117047e-53
-11.05511811023622 1.746031746031746 5.257994925030811e-16 1.775228717654083e-53
-11.05511811023622 1.9047619047619047 3.935367354933065e-16 6.352404560006275e-54
-11.05511811023622 2.0634920634920633 2.872157363945802e-16 2.081282484082589e-54
-11.05511811023622 2.2222222222222223 2.0440382545986356e-16 6.245416271925957e-55
-11.05511811023622 2.380952380952381 1.4184944604056761e-16 1.7169885790000375e-55
-11.05511811023622 2.5396825396825395 9.598958298396532e-17 4.326103147382825e-56
-11.05511811023622 2.698412698412698 6.33400500128198e-17 9.993257218339814e-57
-11.05511811023622 2.8571428571428568 4.0755904427591963e-17 2.117213396557054e-57
-11.05511811023622 3.015873015873016 2.5571753214529646e-17 4.115716235074403e-58
-11.05511811023622 3.1746031746031744 1.564545904604573e-17 7.344028471189237e-59
-11.05511811023622 3.333333333333333 9.334132292628968e-18 1.2034421993887567e-59
-11.05511811023622 3.492063492063492 5.430220060277595e-18 1.8118433155467415e-60
-11.05511811023622 3.6507936507936507 3.0804824854681483e-18 2.5074465881276283e-61
-11.05511811023622 3.8095238095238093 1.7040325809773741e-18 3.191375628172566e-62
-11.05511811023622 3.968253968253968 9.191679667567038e-19 3.7375506203705275e-63
-11.05511811023622 4.1269841269841265 4.834701922155137e-19 4.0299062440104083e-64
-11.05511811023622 4.285714285714286 2.4797183862232286e-19 4.002626922491882e-65
-11.05511811023622 4.444444444444445 1.2402032274566256e-19 3.6642816227039095e-66
-11.05511811023622 4.603174603174603 6.04840952174051e-20 3.0937472542810756e-67
-11.05511811023622 4.761904761904762 2.876387255266146e-20 2.410454831529046e-68
-11.05511811023622 4.92063492063492 1.3338634101814792e-20 1.7342204314577124e-69
-11.05511811023622 5.079365079365079 6.0316092580097285e-21 1.1528704300360117e-70
-11.05511811023622 5.238095238095238 2.659578877377345e-21 7.086209194106346e-72
-11.05511811023622 5.396825396825396 1.1435374373988985e-21 4.0299295415839574e-73
-11.05511811023622 5.555555555555555 4.794526634063735e-22 2.121924172805499e-74
-11.05511811023622 5.7142857142857135 1.9601933883721296e-22 1.0351803916743418e-75
-11.05511811023622 5.873015873015873 7.814657358283368e-23 4.682378784282433e-77
-11.05511811023622 6.031746031746032 3.037937239321019e-23 1.9651577886970378e-78
-11.05511811023622 6.19047619047619 1.1516101674852004e-23 7.658258054285035e-80
-11.05511811023622 6.349206349206349 4.256866395716414e-24 2.7732600301172048e-81
-11.05511811023622 6.507936507936508 1.5343780786923543e-24 9.339214712254113e-83
-11.05511811023622 6.666666666666666 5.3930269033799915e-25 2.9270154824349e-84
-11.05511811023622 6.825396825396825 1.8483772926497947e-25 8.544263578792077e-86
-11.05511811023622 6.984126984126984 6.177411020221268e-26 2.3248952865225567e-87
-11.05511811023622 7.142857142857142 2.0131688813630958e-26 5.901458702975719e-89
-11.05511811023622 7.301587301587301 6.397521513067832e-27 1.3986024972304302e-90
-11.05511811023622 7.46031746031746 1.9824449551477334e-27 3.0971579207494965e-92
-11.05511811023622 7.619047619047619 5.990297011546744e-28 6.413940229220959e-94
-11.05511811023622 7.777777777777778 1.7650353629921704e-28 1.243198124984712e-95
-11.05511811023622 7.936507936507936 5.071264962490975e-29 2.2572195502246475e-97
-11.05511811023622 8.095238095238095 1.4208133506984454e-29 3.842306144142211e-99
-11.05511811023622 8.253968253968253 3.8816430222769355e-30 6.137109191069405e-101
-11.05511811023622 8.412698412698413 1.0340748896590762e-30 9.205779996392595e-103
-11.05511811023622 8.571428571428571 2.686248760504376e-31 1.2979418247323709e-104
-11.05511811023622 8.73015873015873 6.804532615378202e-32 1.7215612946115774e-106
-11.05511811023622 8.88888888888889 1.6807696921589649e-32 2.150000702458592e-108
-11.05511811023622 9.047619047619047 4.048330426168618e-33 2.5303527618902396e-110
-11.05511811023622 9.206349206349206 9.508270601189048e-34 2.8088496544932576e-112
-11.05511811023622 9.365079365079364 2.177634306295247e-34 2.9434750306313654e-114
-11.05511811023622 9.523809523809524 4.863245601100473e-35 2.914451569131608e-116
-11.05511811023622 9.682539682539682 1.0590715256681009e-35 2.7289692965837574e-118
-11.05511811023622 9.84126984126984 2.248962515672996e-36 2.4186153049170498e-120
-11.05511811023622 10.0 4.6569007094746486e-37 2.0306844823427927e-122
-10.960629921259843 0.0 4.061430036406283e-15 2.5789160251316953e-50
-10.960629921259843 0.15873015873015872 4.010586562934393e-15 2.4653630764952464e-50
-10.960629921259843 0.31746031746031744 3.86184330919161e-15 2.1538587784993713e-50
-10.960629921259843 0.47619047619047616 3.626095510723888e-15 1.7197370259828198e-50
-10.960629921259843 0.6349206349206349 3.3200273836726296e-15 1.2549941587176957e-50
-10.960629921259843 0.7936507936507936 2.964161953671879e-15 8.371303579722089e-51
-10.960629921259843 0.9523809523809523 2.5805960466475057e-15 5.104621698571463e-51
-10.960629921259843 1.1111111111111112 2.1907658517579338e-15 2.845842840226703e-51
-10.960629921259843 1.2698412698412698 1.813550837244512e-15 1.450785898554501e-51
-10.960629921259843 1.4285714285714284 1.463933475167414e-15 6.764244669853388e-52
-10.960629921259843 1.5873015873015872 1.152313859659282e-15 2.885011990139638e-52
-10.960629921259843 1.746031746031746 8.84459732833083e-16 1.1258673037583346e-52
-10.960629921259843 1.9047619047619047 6.619774284631397e-16 4.021120508147668e-53
-10.960629921259843 2.0634920634920633 4.831323671837095e-16 1.3147594046669568e-53
-10.960629921259843 2.2222222222222223 3.4383249781328443e-16 3.936531270807438e-54
-10.960629921259843 2.380952380952381 2.3860830019121126e-16 1.0796625271230453e-54
-10.960629921259843 2.5396825396825395 1.614663424580221e-16 2.71342353387162e-55
-10.960629921259843 2.698412698412698 1.0654579266571705e-16 6.251154629251291e-56
-10.960629921259843 2.8571428571428568 6.85564684929537e-17 1.3206363225696101e-56
-10.960629921259843 3.015873015873016 4.3014849460060693e-17 2.559546749494438e-57
-10.960629921259843 3.1746031746031744 2.6317595823536122e-17 4.552870638961184e-58
-10.960629921259843 3.333333333333333 1.5701164172802853e-17 7.436087494925396e-59
-10.960629921259843 3.492063492063492 9.134301292064948e-18 1.1156909181709773e-59
-10.960629921259843 3.6507936507936507 5.181752274281996e-18 1.538492638342481e-60
-10.960629921259843 3.8095238095238093 2.866393411935977e-18 1.950829797627893e-61
-10.960629921259843 3.968253968253968 1.5461541250947505e-18 2.2758536416655768e-62
-10.960629921259843 4.1269841269841265 8.132566180390299e-19 2.444031962475574e-63
-10.960629921259843 4.285714285714286 4.171192807622264e-19 2.417416651164278e-64
-10.960629921259843 4.444444444444445 2.0861751121005322e-19 2.2035877593800663e-65
-10.960629921259843 4.603174603174603 1.0174172371671428e-19 1.8522645187847402e-66
-10.960629921259843 4.761904761904762 4.8384388718334147e-20 1.4366015646834261e-67
-10.960629921259843 4.92063492063492 2.2437231154193767e-20 1.0287367089819517e-68
-10.960629921259843 5.079365079365079 1.0145912251639449e-20 6.805929583537536e-70
-10.960629921259843 5.238095238095238 4.473740383687962e-21 4.162682931069547e-71
-10.960629921259843 5.396825396825396 1.9235713057683008e-21 2.355350982351083e-72
-10.960629921259843 5.555555555555555 8.064986380336376e-22 1.2337702175857434e-73
-10.960629921259843 5.7142857142857135 3.297287550293017e-22 5.987081423293943e-75
-10.960629921259843 5.873015873015873 1.3145219532993209e-22 2.693456024236557e-76
-10.960629921259843 6.031746031746032 5.110185911862187e-23 1.1241792572041428e-77
-10.960629921259843 6.19047619047619 1.9371506355264318e-23 4.356267930042922e-79
-10.960629921259843 6.349206349206349 7.160575407058599e-24 1.568463301890843e-80
-10.960629921259843 6.507936507936508 2.5810135705622263e-24 5.251061975637166e-82
-10.960629921259843 6.666666666666666 9.071737805256874e-25 1.635948973676338e-83
-10.960629921259843 6.825396825396825 3.1091990573235497e-25 4.7466080090749523e-85
-10.960629921259843 6.984126984126984 1.0391168836118664e-25 1.2836105787561186e-86
-10.960629921259843 7.142857142857142 3.3863988770355323e-26 3.237939350004064e-88
-10.960629921259843 7.301587301587301 1.076142188974954e-26 7.625046506602062e-90
-10.960629921259843 7.46031746031746 3.33471743580273e-27 1.67768704797559e-91
-10.960629921259843 7.619047619047619 1.0076419947081602e-27 3.4517043564377886e-93
-10.960629921259843 7.777777777777778 2.9690076309532697e-28 6.646192559416799e-95
-10.960629921259843 7.936507936507936 8.53049445235871e-29 1.1986550321011755e-96
-10.960629921259843 8.095238095238095 2.3899836619889192e-29 2.0265871781639343e-98
-10.960629921259843 8.253968253968253 6.529403317018899e-30 3.214817346168542e-100
-10.960629921259843 8.412698412698413 1.739441771393323e-30 4.788941301877231e-102
-10.960629921259843 8.571428571428571 4.518602423384778e-31 6.704850341623927e-104
-10.960629921259843 8.73015873015873 1.1446064868569952e-31 8.83041029007057e-106
-10.960629921259843 8.88888888888889 2.8272623577554243e-32 1.0949448309098475e-107
-10.960629921259843 9.047619047619047 6.809792132175114e-33 1.2793865320413319e-109
-10.960629921259843 9.206349206349206 1.5994086330509485e-33 1.4099028742249854e-111
-10.960629921259843 9.365079365079364 3.6630500489552512e-34 1.4666790469265788e-113
-10.960629921259843 9.523809523809524 8.180580176246178e-35 1.4415201823221329e-115
-10.960629921259843 9.682539682539682 1.781489202631835e-35 1.3397627338354696e-117
-10.960629921259843 9.84126984126984 3.783032912973204e-36 1.178524680998773e-119
-10.960629921259843 10.0 7.833482565234734e-37 9.82053897512512e-122
